40907090916	666666 150
40907090917	666666 150
40907090918	666666 150
40907090919	666666 150
40907090920	666666 150
40907090921	666666 150
40907090922	666666 150
40907090924	666666 150
40907090926	666666 150
40907090927	666666 150
40907090928	666666 150
40907090929	666666 150
40907090930	666666 150
40907090931	666666 150
40907090932	666666 150
40907090933	666666 150
40907090934	666666 150
40907090936	666666 150
40907090937	666666 150
40907090938	666666 150
40907090939	666666 150
40907090940	666666 150
40907090941	666666 150
40907090942	666666 150
40907090943	666666 150
40907090944	666666 150
40907090945	666666 150
40907090946	666666 150
40907090947	666666 150
40907090948	666666 150
40907090949	666666 150
40907090950	666666 150
40907090951	666666 150
40907090952	666666 150
40907090953	666666 150
40907090954	666666 150
40907090955	666666 150
40907090956	666666 150
40907090957	666666 150
40907090958	666666 150
40907090959	666666 150
40907090960	666666 150
4090709091 666666 150
409070908 666666 150
thd00001	666666 150
thd00002	666666 150
thd00003	666666 150
thd00004	666666 150