998036   13299456560    150
998037   13299456560    150
998038   13299456560    150
998039   13299456560    150
998040   13299456560    150
998041   13299456560    150
998042   13299456560    150
998043   13299456560    150
998044   13299456560    150
998045   13299456560    150
998046   13299456560    150
998047   13299456560    150
998048   13299456560    150
998049   13299456560    150
998050   13299456560    150
998051   13299456560    150
998052   13299456560    150
998053   13299456560    150
998054   13299456560    150
998055   13299456560    150
998056   13299456560    150
998057   13299456560    150
998058   13299456560    150
998059   13299456560    150
998060   13299456560    150
998061   13299456560    150
998062   13299456560    150
998063   13299456560    150
998064   13299456560    150
998065   13299456560    150
998066   13299456560    150
998067   13299456560    150
998068   13299456560    150
998069   13299456560    150
998070   13299456560    150
998071   13299456560    150
998072   13299456560    150
998073   13299456560    150
998074   13299456560    150
998075   13299456560    150
998076   13299456560    150
998077   13299456560    150
998078   13299456560    150
998079   13299456560    150
998080   13299456560    150
998081   13299456560    150
998082   13299456560    150
998083   13299456560    150
998084   13299456560    150
998085   13299456560    150
998086   13299456560    150
998087   13299456560    150
998088   13299456560    150
998089   13299456560    150
998090   13299456560    150
998091   13299456560    150
998092   13299456560    150
998093   13299456560    150
998094   13299456560    150
998095   13299456560    150
998096   13299456560    150
向波:
998001     95278a   150
998002     95278a   150
998003     95278a   150
998004     95278a   150
998005     95278a   150
998006     95278a   150
998007     95278a   150
998008     95278a   150
998009     95278a   150
998010     95278a   150
998011     95278a   150
998012     95278a   150
998014     95278a   150
998015     95278a   150
998016     95278a   150
998017     95278a   150
998018     95278a   150
998019     95278a   150
998020     95278a   150
998025     95278a   150
998026     95278a   150
998027     95278a   150
998028     95278a   150
998029     95278a   150
998030     95278a   150
998031     95278a   150
998032     95278a   150
998033     95278a   150
998034     95278a   150
998035     95278a   150